% -------------------------------------------------------------------
%  Generated by MATLAB on 10-Mar-2025 11:08:57
%  MATLAB version: 24.1.0.2537033 (R2024a)
% -------------------------------------------------------------------
                                               

A = ...
  [3 2 1;
   5 6 8;
   9 5 2];

B = ...
  [2 4 5;
   5 3 2;
   1 2 3];

ans = ...
  [17 20 22;
   48 54 61;
   45 55 61];

m = 3;

n = 3;

